4
8
11
16
20
17
8
11
10
5
9
32
42
39
33
21
69
631
1723
5000
5005
1972
1146
280
9
10
11
17
19
12
1
8
15
24
26
26
52
229
553
696
682
613
344
93
23
27
4
36
111
206
244
229
194
133
108
115
139
309
613
724
704
613
314
136
137
128
164
206
225
231
203
132
69
26
11
60
158
436
781
838
754
590
237
44
48
33
36
39
42
47
43
42
30
7
13
33
67
163
287
316
309
243
104
29
23
24
26
25
22
22
19
3
7
12
30
67
115
219
317
312
293
227
123
81
42
28
58
95
116
108
73
43
41
41
38
50
117
329
500
511
492
354
159
90
78
82
130
178
181
172
138
88
80
67
92
159
148
344
550
604
601
382
105
55
37
24
41
66
72
59
48
34
29
17
26
22
2
22
39
36
15
13
38
45
31
19
38
41
21
8
33
38
37
42
37
15
65
183
235
229
203
107
20
7
21
44
68
77
83
81
65
54
44
38
35
39
72
129
148
137
108
53
15
12
11
30
51
59
53
41
19
4
14
19
24
34
59
91
98
95
70
21
13
22
27
39
53
58
64
65
49
36
26
20
20
17
19
19
18
25
26
22
21
11
1
7
12
13
15
17
16
13
12
9
8
14
27
38
33
24
18
11
8
13
21
28
33
31
28
21
8
2
1
0
0
6
24
38
43
44
29
8
7
8
7
4
3
7
8
5
4
2
3
2
5
17
43
58
57
51
32
11
7
9
12
16
19
18
16
10
3
2
3
2
4
12
28
34
31
28
18
8
5
7
10
14
18
21
25
23
17
14
11
11
18
32
52
56
51
42
25
17
16
15
12
7
7
9
10
11
13
10
9
11
9
13
32
42
45
40
23
14
13
11
5
1
3
7
10
12
16
19
20
19
15
6
18
23
24
20
16
18
22
25
27
26
27
26
15
11
8
2
10
17
22
26
26
24
25
17
9
8
15
20
15
10
6
1
3
7
12
18
18
18
12
10
23
34
38
35
25
14
12
20
27
25
24
20
21
19
15
33
40
41
34
32
41
44
49
50
43
35
27
12
8
13
13
13
12
7
20
32
32
37
47
41
31
21
2
29
46
49
36
12
5
5
13
23
28
21
1
20
28
28
20
15
14
16
14
